A
l = 1050 um
w = 1000 um

B 
l = 750 u
w = 500um

C
l = 1000
w = 950

D 
l = 950 um
w = 500 um

A
kp = 1.2400632746323976e7
C0 = 338.63213961685864e-12

B
C0 = 335.6978986554392e-12
kp = 1.4546169638969617e7 

C
kp = 1.1909096177342793e7
C0 = 312.8732100355237e-12

D
C0 = 466.4158697787019e-12
kp = 1.6174502699593267e7